k = 0
Y = ([1, 1, 1, 0, 0], [1, 1, 1, 0, 1], [1, 1, 1, 1, 0], [1, 1, 1, 1, 1]),
W = (0.2240713057394962, -0.22541265520990048, 0.07448195847395443, -0.07458274734309243, -0.07435585812399025), E = 0


