k = 11
Y = ([1, 0, 0, 1, 1], [1, 1, 0, 0, 0], [1, 1, 1, 0, 0], [1, 1, 1, 1, 1]),
W = (0.22493521468985608, -0.2983189234310332, 0.07657497526465477, -0.07343054401322718, -0.07343054401322718), E = 0


